71 
69 5 
86 36 23 
88 1 8 41 
23 19 26 47 3 
10 88 3 55 99 56 
82 24 22 95 2 21 60 
91 67 73 10 91 84 86 23 
83 71 11 18 49 84 64 65 58 
81 76 66 94 61 71 40 91 19 69 
9 19 14 23 41 55 83 9 4 87 73 
87 40 28 31 88 33 13 38 24 15 49 73 
77 90 12 71 4 15 32 20 41 21 45 82 80 
5 76 25 5 87 0 84 54 26 3 98 28 50 84 
77 79 3 28 6 54 93 98 18 51 62 22 43 54 40 
62 66 64 20 4 87 33 29 38 77 98 37 95 61 17 56 
21 85 38 67 11 89 39 40 85 4 6 55 98 11 41 96 29 
38 83 57 19 60 81 87 52 25 31 32 20 38 64 93 88 88 3 
41 37 25 12 15 76 4 63 4 51 69 15 74 83 51 9 58 58 93 
21 41 67 43 29 41 15 75 90 91 26 28 84 6 39 46 70 90 84 74 
80 89 30 63 70 46 35 0 14 33 13 68 74 87 50 60 0 62 76 12 97 
63 15 57 83 37 36 44 55 89 29 47 51 64 10 64 52 4 34 58 34 27 67 
24 42 76 74 47 52 64 86 51 71 12 42 1 70 52 9 44 28 55 70 2 30 48 