35 
85 47 
73 76 25 
33 70 67 57 
83 69 42 45 30 
74 10 48 15 51 75 
87 28 49 21 57 64 15 
3 43 97 73 84 81 34 23 
91 77 49 6 31 57 95 53 11 
39 26 60 30 13 72 89 94 78 38 
97 70 76 61 21 97 54 4 88 73 40 
78 64 13 61 18 99 98 8 21 20 88 36 
82 50 55 13 85 52 0 86 60 17 90 45 85 
71 64 3 74 22 96 76 97 31 64 95 44 97 93 
41 64 18 90 52 48 83 58 18 97 28 91 43 19 36 
97 4 83 15 42 8 95 81 72 16 65 65 82 61 3 2 
95 32 50 66 7 99 14 24 6 15 77 76 42 86 8 68 39 
37 86 77 45 44 18 86 86 72 40 13 15 45 71 39 48 77 85 
97 81 21 66 92 31 72 77 33 6 9 85 85 57 48 47 94 37 22 