98 
79 35 
29 58 42 
17 27 30 69 
5 85 48 9 81 
35 41 40 41 16 8 
25 70 19 25 60 68 88 
9 18 89 6 9 88 5 38 
73 60 91 46 71 97 11 51 72 
80 54 56 19 39 91 68 51 41 79 
94 58 21 0 11 19 80 65 99 3 25 
69 91 63 55 1 38 77 14 75 27 38 66 
88 23 99 13 92 40 98 26 69 84 15 97 41 
58 78 80 4 21 15 39 13 83 57 64 55 25 87 
18 4 48 25 51 29 28 89 32 29 29 5 68 6 43 
60 91 51 54 47 64 89 74 90 85 56 17 75 54 82 93 
54 49 69 85 5 80 0 54 38 75 52 78 87 48 76 77 66 
80 51 22 73 7 51 84 47 99 50 66 60 85 88 36 37 53 76 
51 76 92 44 2 70 34 78 22 17 73 77 79 77 86 27 24 1 14 
76 61 79 98 42 2 44 82 31 11 33 32 96 90 19 19 51 92 12 46 
28 72 59 47 91 65 44 47 0 58 59 80 95 3 18 36 18 5 57 60 17 
57 14 89 97 54 49 26 28 32 69 90 44 41 95 35 48 30 28 75 91 25 70 
33 20 58 39 20 57 54 8 31 36 68 95 45 83 94 63 31 95 82 85 26 11 45 
8 28 30 64 96 60 82 29 47 26 83 32 23 63 75 3 8 72 23 86 28 63 54 99 
88 93 24 21 11 27 42 36 96 50 96 5 21 40 59 10 57 41 92 47 25 59 48 70 18 
14 66 48 42 51 42 30 70 85 99 51 39 72 48 70 20 81 26 78 18 27 37 47 65 57 11 
81 74 79 25 12 93 89 33 38 73 29 15 45 50 17 24 90 2 89 40 38 59 66 11 95 44 15 
31 86 18 43 48 96 5 71 80 57 43 22 7 60 60 30 2 12 23 60 15 11 8 83 28 69 90 44 
29 55 59 74 87 9 93 1 95 72 31 32 22 1 4 63 58 74 56 61 1 65 77 42 73 6 68 5 55 
27 40 48 35 44 2 51 20 37 89 26 61 83 68 97 96 43 70 31 33 23 16 10 5 42 90 24 12 22 39 
47 29 48 66 73 6 32 81 75 74 26 95 38 0 16 7 87 72 20 86 63 65 8 73 78 47 53 95 57 29 25 
48 49 22 36 79 43 28 44 50 49 93 36 59 90 85 78 80 60 59 72 98 1 64 45 63 40 49 72 19 26 41 65 
32 64 74 98 48 74 38 24 98 57 21 62 84 29 5 98 28 26 30 7 66 40 27 38 65 52 5 48 12 5 38 47 34 
19 89 12 33 47 60 72 28 91 98 69 31 59 62 60 99 1 20 5 82 76 34 11 32 47 41 64 46 32 70 31 3 23 7 
24 17 69 26 35 42 60 0 61 87 53 42 64 76 47 0 14 89 62 10 43 91 4 47 10 86 75 59 28 99 59 60 19 41 76 
25 19 56 47 67 42 61 70 79 29 24 6 72 85 23 49 65 95 42 79 78 72 88 92 51 68 53 91 52 49 4 65 55 14 59 13 
72 20 52 70 59 33 79 65 71 7 13 13 25 19 63 73 58 79 27 41 69 69 2 95 84 5 27 59 98 29 43 64 49 74 85 74 45 
2 80 53 29 72 75 63 96 19 64 65 70 27 76 5 21 68 61 88 54 13 89 14 20 96 11 54 39 18 8 29 53 49 11 13 45 40 84 
30 68 83 37 79 72 16 26 29 95 57 83 37 96 35 63 79 3 94 8 79 43 70 60 43 79 42 65 97 53 10 73 78 79 54 79 51 47 13 
62 88 62 12 95 50 72 72 41 93 42 97 81 45 27 51 2 88 71 68 6 37 48 16 29 96 83 62 26 94 79 60 60 14 44 96 66 48 12 23 
6 96 48 91 23 6 29 17 53 97 89 33 69 78 27 60 33 71 51 89 57 67 84 63 47 71 44 27 4 62 46 30 71 89 51 53 65 94 11 63 94 
61 77 31 71 71 84 51 24 47 35 4 88 39 79 3 83 84 15 39 92 4 0 68 63 95 26 11 12 15 7 87 88 73 63 7 95 85 12 65 95 33 67 
95 81 92 10 28 13 40 87 89 87 95 69 48 11 6 65 48 44 91 80 19 64 12 87 61 70 63 71 81 98 99 67 37 34 53 26 21 41 84 13 20 20 34 
44 83 90 70 8 98 12 21 26 64 69 90 41 44 96 61 22 85 8 76 31 27 19 23 4 40 26 58 57 94 60 33 51 61 9 68 15 83 12 82 41 30 44 15 
98 66 48 43 51 27 94 89 75 78 53 88 22 39 57 68 0 61 54 80 13 33 27 71 22 44 14 93 17 56 17 20 12 81 74 26 51 64 11 92 95 92 23 7 57 
15 5 78 40 55 55 12 18 61 97 80 54 9 55 22 50 24 11 68 57 2 32 29 11 88 40 68 71 21 26 84 54 64 7 14 87 98 54 72 22 67 63 93 9 58 54 
13 96 16 3 15 83 29 51 88 50 63 52 25 63 43 62 72 84 21 51 30 71 98 20 53 46 52 24 32 44 26 33 55 15 49 28 82 28 46 2 16 55 52 44 4 52 49 
10 30 90 56 16 78 34 17 61 53 40 48 5 85 59 67 88 83 95 47 47 80 42 89 63 3 80 25 3 68 92 86 19 98 78 7 11 32 35 1 56 23 25 59 21 63 71 87 
92 74 92 66 75 85 59 85 18 20 40 20 70 81 61 23 48 60 51 87 27 66 49 88 98 52 49 25 77 10 46 47 57 18 63 69 53 1 62 43 28 80 87 78 49 64 49 44 62 
81 49 8 52 47 34 28 46 42 65 21 68 94 2 59 66 86 58 21 81 25 83 27 92 41 68 43 95 36 30 56 1 0 40 18 64 72 61 30 5 44 19 28 83 15 98 22 80 55 30 
22 78 49 66 89 20 74 33 30 25 73 90 53 76 2 60 72 61 96 86 21 54 14 61 94 98 98 17 58 66 83 32 44 25 95 11 64 21 60 29 57 10 52 35 13 43 18 9 24 35 3 
13 47 42 57 33 39 48 99 53 37 65 41 47 27 25 77 26 78 21 26 69 10 83 72 84 37 95 24 87 0 35 74 26 42 97 56 85 50 25 64 85 52 56 9 90 47 71 6 75 37 48 8 
95 14 96 97 73 41 68 4 26 61 1 15 97 59 82 3 91 89 79 7 5 83 32 11 11 19 14 22 98 6 6 90 20 29 28 20 86 33 37 91 58 75 60 64 74 70 73 38 97 14 47 99 21 
93 85 20 57 24 63 22 55 1 2 33 20 50 11 23 23 37 87 28 79 73 1 85 57 35 15 10 78 26 64 73 93 4 54 84 72 86 49 37 54 58 56 76 36 79 74 25 32 64 5 68 86 29 67 
69 63 66 32 47 42 57 48 24 25 50 15 61 3 57 66 56 52 64 61 35 42 50 33 99 13 79 24 45 5 17 95 36 22 94 84 87 61 47 43 8 9 24 53 25 60 33 55 93 19 96 13 39 11 4 
95 51 10 34 48 1 98 14 8 34 80 40 73 84 75 3 22 9 13 38 60 23 54 41 90 66 77 51 19 95 16 49 57 76 55 33 56 60 55 68 91 8 99 8 78 97 24 35 9 76 61 88 68 52 93 47 
99 79 96 6 28 87 28 65 6 70 25 0 68 52 38 62 15 61 25 22 13 34 8 57 19 48 86 25 84 82 18 21 33 66 62 68 23 44 14 99 91 22 46 78 10 59 34 50 14 61 16 62 71 16 67 86 97 
93 74 87 88 31 35 99 69 61 9 20 69 9 80 5 80 79 95 64 83 68 66 90 73 33 50 23 83 2 33 41 38 76 59 64 33 95 49 91 75 20 87 5 33 98 25 37 32 21 97 10 62 16 24 7 6 67 18 
90 53 5 75 48 99 56 23 65 51 81 32 76 6 61 31 84 92 44 49 52 99 53 58 84 61 14 95 65 49 82 91 4 99 7 59 97 59 17 32 54 73 73 57 33 42 2 85 5 30 21 52 46 55 10 36 78 36 18 
99 96 93 87 95 50 2 42 83 53 55 44 32 46 11 67 54 15 92 50 17 0 34 84 97 82 33 52 70 31 52 64 20 3 91 56 33 75 93 18 77 48 15 44 89 47 83 40 29 42 84 78 3 57 4 30 51 61 56 4 
43 9 45 69 42 92 51 92 93 42 6 21 39 82 22 89 78 75 11 75 80 6 37 49 39 47 14 1 39 56 2 85 97 94 26 20 49 37 36 24 11 66 81 85 31 31 52 44 95 75 27 72 9 30 96 91 37 99 6 88 26 
37 43 7 15 87 47 58 57 19 2 42 71 52 71 54 79 34 39 4 47 43 36 3 11 16 92 92 21 93 68 19 4 17 40 46 65 76 34 94 46 18 30 1 10 88 64 46 46 37 36 25 32 26 18 93 17 94 22 37 35 93 93 
43 33 7 45 3 95 72 84 88 97 53 24 78 74 18 91 99 88 22 94 87 53 26 92 38 25 69 98 69 35 87 16 79 38 25 1 77 73 0 8 12 88 46 43 51 64 69 57 88 96 5 83 39 3 65 86 48 30 45 59 60 62 78 
78 96 77 57 72 61 79 13 84 15 65 19 8 23 61 59 5 70 64 76 63 20 84 84 69 45 24 33 5 15 70 60 63 36 72 92 52 74 45 73 68 24 70 69 59 26 27 54 24 12 11 26 55 63 21 11 81 60 35 79 21 25 32 43 
90 93 45 22 86 32 47 4 89 43 13 92 63 53 7 11 38 26 93 14 35 98 82 94 38 74 55 65 19 50 33 28 60 99 18 11 81 11 50 48 15 25 68 88 76 91 98 38 82 36 31 37 70 15 87 64 30 73 8 8 2 75 44 30 8 
0 9 22 63 16 60 96 25 29 77 96 79 24 43 95 64 79 75 63 48 70 5 79 88 60 19 0 63 79 12 55 79 54 72 25 20 82 75 31 68 27 79 53 44 29 97 97 97 98 46 96 23 5 18 77 82 44 74 97 18 38 43 61 92 32 58 
58 97 33 65 50 35 39 77 39 66 45 74 45 73 22 60 75 29 98 28 51 25 19 94 26 6 89 48 94 72 79 83 62 26 62 56 9 59 94 77 98 98 72 61 27 19 17 2 42 30 85 13 81 68 84 36 89 27 95 95 80 87 54 63 48 98 84 