3 
95 23 
53 14 43 
58 29 41 33 
21 89 68 27 11 
80 60 73 75 36 77 
9 49 66 82 22 0 35 
30 54 24 94 66 6 27 79 
57 17 75 23 23 59 8 97 41 
39 88 0 43 35 78 34 74 31 19 
5 5 61 82 32 11 95 35 8 27 57 
66 88 99 97 89 1 37 32 31 70 95 78 
38 19 80 17 44 8 95 62 34 32 80 25 52 
82 1 19 84 21 75 76 56 51 9 22 30 91 27 
6 43 3 3 81 83 15 64 68 89 28 72 27 16 99 
76 80 48 33 21 94 58 51 5 64 14 82 18 64 48 73 
47 87 1 62 64 79 50 17 95 42 65 6 96 73 39 14 28 
33 41 33 14 81 99 7 22 4 54 91 47 20 74 11 54 19 55 
45 68 96 55 77 12 14 52 92 84 48 21 0 85 1 63 70 49 70 
26 48 69 20 58 27 72 84 51 60 19 92 59 25 24 57 26 98 63 61 
62 68 7 93 72 7 67 83 18 31 82 48 79 56 99 17 72 42 28 11 13 
25 11 44 59 41 38 72 43 70 38 13 43 55 30 7 7 65 1 19 38 9 28 
24 10 29 4 78 42 59 7 14 67 66 81 55 9 7 70 56 98 35 31 73 39 78 
5 54 98 59 24 97 56 32 59 76 19 88 47 27 11 4 59 39 9 27 51 51 20 65 
4 78 35 58 46 57 94 62 79 95 93 96 75 14 2 0 72 39 27 73 5 5 90 71 89 
57 11 40 49 34 75 69 46 40 78 87 60 94 84 38 84 44 28 34 7 13 5 12 23 41 96 
8 57 95 21 25 96 37 33 24 80 55 20 37 99 69 72 58 24 19 18 72 81 88 83 51 75 14 
61 10 19 79 43 73 23 89 79 34 66 6 15 16 20 7 66 57 17 21 35 26 95 21 70 2 54 64 
58 45 44 18 35 64 65 36 0 99 69 95 36 69 11 20 45 77 20 93 57 59 49 81 40 0 41 22 46 
98 42 46 97 34 18 68 49 87 84 29 80 39 93 98 0 72 68 63 63 48 41 97 37 69 62 60 12 76 65 
68 84 69 10 65 32 22 44 84 65 95 93 32 77 65 39 25 75 85 29 16 53 28 78 79 14 21 20 66 49 2 