12 
57 65 
90 26 91 
95 27 48 87 
92 51 85 29 78 
69 82 18 4 69 98 
38 25 55 70 38 15 69 
31 38 33 38 46 73 5 97 
55 77 88 77 33 77 53 20 1 
16 13 71 53 68 79 90 83 90 27 
1 97 84 39 30 23 44 91 12 64 3 
29 55 65 26 51 56 20 95 67 55 19 72 
83 68 99 67 95 11 68 61 87 56 14 69 9 
57 74 35 63 13 53 66 33 97 12 29 26 92 84 
73 63 57 92 95 8 48 5 84 34 24 26 18 32 99 
76 57 30 98 71 30 7 65 30 78 29 79 23 94 91 49 
58 37 22 80 16 32 76 6 47 45 5 45 8 38 86 48 28 
4 52 49 47 1 41 64 98 15 14 40 67 70 84 95 98 41 70 
33 54 40 43 39 92 44 56 73 3 12 42 85 37 31 13 62 69 25 
55 41 54 50 62 42 55 84 83 65 19 37 17 75 82 89 93 47 33 33 
60 30 75 72 54 66 32 48 64 9 18 61 32 33 49 14 34 31 71 44 91 
1 26 99 58 24 17 90 79 2 81 90 63 54 27 30 11 85 60 34 72 45 45 
9 23 45 97 35 71 8 73 35 48 45 46 1 65 46 79 67 83 7 45 25 35 74 
39 43 69 69 62 22 19 51 43 54 14 83 95 38 32 93 27 16 57 10 0 78 61 62 
31 93 90 76 52 10 54 2 28 14 49 81 6 78 36 55 44 50 52 59 1 38 20 58 37 
31 88 79 31 23 88 12 10 47 49 51 23 39 54 37 90 55 1 22 43 61 71 9 23 4 85 
23 67 47 61 30 84 64 76 6 72 27 65 56 28 89 38 49 70 74 46 1 88 91 11 32 54 60 
20 49 29 61 61 89 64 42 22 54 56 80 89 77 14 42 32 41 36 88 39 58 92 71 57 96 99 57 
29 51 42 22 95 98 13 83 92 46 21 54 90 30 12 86 28 22 74 80 73 0 58 95 63 97 49 8 69 