1 
27 1 
96 26 40 
39 42 74 28 
22 30 61 14 8 
59 34 12 53 1 18 
69 39 84 35 94 75 58 
25 15 99 52 99 68 9 98 
25 11 28 87 50 11 5 28 36 
18 89 96 89 35 21 83 1 15 18 
0 61 13 43 89 42 43 71 34 19 59 
87 34 2 74 56 58 49 76 8 58 88 88 
7 49 99 57 67 14 74 25 53 40 87 37 91 
51 99 25 5 44 56 42 31 0 94 9 46 40 12 
33 23 43 81 32 94 22 2 54 32 36 82 67 34 22 
77 58 67 29 77 14 11 72 27 56 90 43 48 5 24 88 
31 93 54 24 46 39 42 29 95 59 70 39 5 18 50 3 90 
65 3 55 68 1 67 80 7 29 94 68 81 60 45 92 93 53 58 
29 60 76 43 80 65 3 87 68 66 69 58 7 39 5 43 85 95 58 
15 96 97 58 89 27 89 25 97 14 74 11 69 38 6 52 25 57 24 6 
69 55 30 20 45 30 64 23 15 59 99 70 97 90 52 62 1 32 3 53 1 
83 8 58 8 18 5 58 44 14 74 25 18 84 32 52 30 71 24 21 32 4 87 
64 19 65 21 57 76 7 31 14 75 99 52 78 76 58 89 94 24 36 41 3 84 94 
17 56 99 0 7 69 16 2 12 80 23 28 76 56 5 35 22 87 4 34 89 20 91 31 
61 4 21 18 9 16 37 43 73 0 71 87 58 59 45 83 29 35 12 88 76 62 95 18 0 
32 40 59 88 91 51 95 1 81 56 86 51 1 24 41 90 65 94 73 9 81 9 36 39 60 90 
25 78 43 72 74 92 50 32 20 16 95 38 98 26 24 47 6 99 89 77 85 35 41 52 69 19 85 
14 0 13 27 61 23 21 95 7 12 3 56 94 59 23 97 18 74 64 13 16 79 40 72 76 59 82 3 
25 25 37 19 15 69 0 88 25 65 74 75 88 91 77 10 76 29 21 56 33 73 14 41 45 9 54 70 85 
66 80 28 61 55 34 53 15 53 52 76 18 77 29 66 87 93 97 49 88 46 11 60 17 5 17 43 20 68 47 
68 80 64 16 78 72 17 43 57 68 21 96 30 40 81 1 49 88 84 91 88 12 33 53 58 77 24 89 99 23 36 
8 41 57 95 19 56 70 65 15 62 45 57 1 39 55 42 26 99 95 81 56 87 23 84 94 60 9 78 17 2 68 92 
92 62 92 56 60 78 99 59 63 25 94 33 10 65 27 23 37 16 92 28 68 51 32 25 43 41 53 33 97 23 38 85 5 
62 9 63 48 73 35 65 55 33 15 72 40 86 57 94 54 0 44 13 38 31 81 21 95 30 33 8 66 42 9 3 47 37 84 
83 67 80 19 14 50 98 92 24 46 22 35 25 88 8 33 52 91 19 13 8 39 25 57 70 68 87 28 34 7 11 6 74 44 48 
93 41 97 96 21 83 93 72 58 58 72 95 56 8 18 23 32 22 19 49 81 48 22 63 73 6 33 33 13 78 75 71 95 55 71 68 
18 34 52 80 87 3 34 41 30 34 24 28 46 38 6 18 9 18 85 53 87 46 28 50 95 88 1 91 31 96 37 41 43 49 36 34 80 
41 89 59 13 2 52 29 59 1 56 81 62 44 56 50 11 55 21 2 18 88 70 92 7 44 14 80 9 51 65 2 31 23 9 16 51 4 51 
99 7 91 90 9 42 77 76 61 87 1 63 26 72 46 1 36 57 14 83 67 42 86 98 61 27 3 27 80 38 16 81 89 62 24 48 7 66 22 
57 2 20 88 31 17 87 82 23 33 51 59 47 24 51 48 36 35 59 35 31 80 16 37 5 31 57 20 93 69 3 68 22 69 50 60 92 99 85 3 
4 66 24 32 31 27 97 22 86 58 49 16 32 3 76 52 64 65 26 71 82 89 35 57 31 3 81 92 35 60 29 38 19 0 8 59 55 14 50 12 65 
76 84 74 99 1 26 97 1 12 2 0 95 55 60 21 53 87 18 2 44 81 67 35 20 78 3 0 58 87 36 6 61 12 16 41 59 51 53 96 73 35 18 
72 67 45 92 42 32 53 95 72 22 6 63 58 96 84 41 89 41 42 26 15 37 3 33 88 97 59 31 93 71 78 36 19 58 37 29 22 83 74 82 91 97 69 
97 31 79 86 50 56 91 33 39 1 97 28 83 53 20 64 79 52 0 94 54 77 89 2 82 87 67 37 9 47 27 72 97 57 72 25 62 75 57 82 81 46 54 79 
50 78 25 91 1 56 32 14 34 18 68 73 11 75 12 38 46 3 17 74 39 65 24 24 69 84 75 0 3 87 24 60 82 8 4 34 50 6 86 50 38 49 58 77 60 
82 57 54 24 89 38 63 19 99 86 80 67 59 72 64 5 43 66 52 64 59 68 76 56 94 83 23 57 51 20 2 20 26 82 72 71 71 48 24 9 95 87 71 16 50 68 
41 3 60 81 14 70 82 54 1 72 28 54 99 51 4 97 65 2 74 40 56 18 86 95 0 1 69 59 88 73 71 72 95 65 96 8 50 17 67 57 82 62 3 72 25 12 92 
62 44 59 13 59 50 27 6 52 32 4 28 77 96 28 44 16 86 71 0 96 9 82 68 62 90 75 37 80 86 95 39 11 81 32 52 74 43 93 6 83 18 36 30 89 73 7 55 
91 3 17 8 33 86 39 82 44 57 5 64 31 20 58 32 27 8 41 19 58 66 40 68 43 24 3 21 89 78 28 65 46 25 52 72 14 53 2 73 36 44 34 37 52 38 21 1 22 
56 90 94 62 64 96 6 9 74 59 66 2 75 49 69 84 64 66 68 8 91 41 40 62 70 20 68 44 97 6 76 29 81 99 44 75 28 49 73 16 82 6 48 35 80 20 33 34 57 72 
55 58 31 34 89 1 51 9 80 15 31 30 22 72 35 37 90 61 22 60 57 25 66 62 73 98 50 95 91 84 71 31 83 48 77 52 90 93 0 91 27 44 90 45 79 66 67 86 41 23 94 
79 82 19 34 93 99 43 21 25 48 77 35 81 14 4 82 98 56 0 88 44 71 56 62 3 18 16 52 80 87 41 33 31 43 3 20 50 3 31 39 94 48 45 35 48 5 24 41 46 99 7 15 
23 69 46 86 21 48 54 58 65 8 0 74 37 73 13 22 29 49 25 98 82 99 82 57 38 27 48 94 31 35 25 78 0 61 51 74 45 18 62 86 75 74 60 29 79 5 32 35 46 21 71 33 73 
17 1 80 73 42 53 61 21 83 19 32 31 7 82 86 25 74 55 59 89 99 52 59 11 77 76 12 60 55 78 93 79 85 45 45 56 92 63 39 84 33 16 29 20 54 24 59 71 36 99 1 66 61 21 
63 15 29 15 68 54 42 37 37 80 24 39 19 74 46 37 35 20 75 62 81 51 36 69 44 65 94 87 24 20 82 79 25 9 39 7 47 53 23 77 69 88 26 42 66 97 56 11 70 94 74 65 65 96 3 
48 65 50 38 34 77 10 74 81 2 40 85 72 21 66 98 1 73 79 15 96 43 8 26 27 75 4 26 55 48 3 64 37 94 1 66 13 95 44 39 91 65 55 20 51 23 85 79 19 10 29 91 1 5 75 15 