73 
15 12 
49 14 71 
48 13 87 63 
84 18 24 62 19 
12 84 0 1 42 41 
14 3 52 76 28 65 68 
82 33 86 53 74 22 82 61 
44 26 46 51 45 73 86 68 32 
59 83 93 45 87 79 56 27 75 61 
6 55 54 15 70 11 6 38 84 20 79 
37 84 57 48 6 12 39 67 74 99 37 42 
30 80 19 80 18 46 53 28 52 33 38 22 0 
5 93 92 66 81 13 43 65 71 56 10 3 62 93 
57 41 0 34 82 65 53 87 40 64 95 25 41 33 55 
9 94 83 77 8 12 2 32 7 9 4 36 55 7 41 51 
87 64 18 89 57 43 50 43 77 67 43 83 87 5 55 46 44 
42 4 90 72 41 40 77 75 82 0 96 64 60 17 9 21 12 21 
19 36 50 16 32 73 32 58 62 57 1 94 93 34 83 47 12 5 80 
38 4 76 5 49 32 32 45 26 15 14 68 7 43 44 47 12 51 46 19 
58 8 81 36 26 99 93 1 45 11 26 88 47 85 28 31 17 55 47 65 52 
64 71 41 79 43 88 5 56 8 86 50 69 37 17 7 20 22 51 59 37 19 64 