33 
43 69 
86 58 36 
51 23 24 42 
1 58 55 62 32 
80 2 25 88 57 61 
65 21 49 79 36 61 46 
0 7 9 69 38 18 87 29 
90 30 12 50 45 43 89 42 48 
19 99 48 71 22 91 6 40 4 79 
21 24 88 34 6 70 83 50 32 69 92 
4 67 78 8 8 70 17 21 42 24 0 39 
23 7 0 11 0 63 57 19 8 10 92 61 76 
48 63 24 48 89 31 41 92 12 49 58 0 66 43 
84 19 84 64 92 50 89 86 98 20 67 47 58 93 88 
58 52 31 96 27 79 21 41 10 69 58 1 20 53 32 63 
7 76 50 93 51 99 6 65 0 21 95 51 78 82 38 98 78 
83 15 32 39 77 75 63 65 16 80 94 69 11 0 60 69 73 1 
12 1 65 40 84 94 18 37 34 42 37 2 28 85 16 44 99 38 61 
66 76 41 50 72 74 39 69 23 98 2 15 73 60 83 9 87 65 97 27 
93 29 28 48 95 3 26 6 37 59 88 58 8 36 52 43 83 14 30 80 70 
57 57 42 38 46 28 30 1 5 52 15 17 8 51 60 79 27 21 8 88 33 86 
10 31 6 64 95 0 13 7 10 66 56 62 94 72 5 60 14 56 3 43 49 63 62 
23 95 7 72 7 12 19 68 19 44 53 95 53 6 49 28 29 41 53 59 58 8 18 26 
99 60 14 36 35 99 88 75 85 31 79 52 94 5 95 65 71 31 44 46 2 45 52 70 48 
71 27 68 28 54 93 25 94 48 89 88 35 28 87 57 68 54 55 26 9 7 15 51 87 29 29 
16 43 42 74 76 13 50 6 24 5 1 46 5 53 41 45 50 63 36 26 37 36 38 74 88 17 70 
49 11 41 41 15 28 52 27 15 74 67 4 92 46 27 18 99 30 46 21 40 51 19 51 71 42 46 70 
1 10 36 10 3 84 68 55 4 55 18 98 43 47 14 15 75 23 16 72 8 22 7 15 44 98 12 69 60 
82 81 86 85 70 21 11 18 71 97 75 74 69 4 17 30 39 19 42 29 22 67 94 35 86 63 68 19 36 97 
54 99 61 57 37 27 85 76 89 74 92 86 85 98 21 22 11 83 16 44 29 50 45 25 18 42 29 66 70 75 84 
39 99 65 76 46 25 50 81 50 93 19 62 54 86 32 99 92 39 84 99 44 68 88 8 41 39 62 5 37 66 81 3 
48 62 5 43 21 1 97 58 34 33 37 18 81 60 84 37 15 95 79 71 68 99 10 96 47 20 35 98 19 12 88 29 14 
36 69 5 9 97 59 24 69 90 83 19 12 8 50 36 2 70 84 2 30 14 71 69 56 91 97 81 17 17 2 33 73 78 75 
62 39 25 21 26 65 9 15 86 46 74 45 11 10 20 25 52 1 17 12 30 19 11 92 18 65 99 81 67 31 78 48 72 62 86 
83 16 88 32 95 58 20 59 38 79 6 1 89 10 49 96 61 20 4 76 31 28 61 63 38 52 50 58 80 48 62 22 33 27 42 37 