73 
10 52 
85 61 3 
55 92 34 63 
92 72 15 31 19 
89 49 50 70 76 68 
11 60 72 23 69 87 7 
85 26 3 44 81 26 93 9 
94 48 86 94 69 45 36 6 75 
36 93 2 41 10 93 80 3 55 86 
90 45 28 18 75 24 23 22 9 36 40 
52 31 88 97 74 25 23 96 4 22 58 12 
85 29 2 33 19 67 27 16 77 12 1 73 46 
4 22 7 50 0 0 25 38 61 48 31 37 57 3 
13 41 43 44 69 12 39 15 59 19 6 24 64 6 99 
39 11 98 0 27 64 52 59 80 54 91 27 5 44 43 1 
65 86 95 54 78 5 44 76 76 60 38 25 75 20 8 82 87 
87 43 88 43 32 8 63 60 30 59 53 87 13 54 77 78 41 49 
95 31 62 10 23 25 72 25 71 87 88 98 2 18 71 81 91 74 29 
54 35 36 56 21 50 47 34 44 78 17 1 25 29 35 2 17 4 83 31 
62 21 28 85 47 39 15 72 84 14 85 25 41 69 49 2 31 54 4 84 11 
40 74 89 77 44 51 99 99 84 77 42 69 38 63 77 80 80 75 30 28 28 32 
67 15 33 87 35 43 58 66 17 5 3 82 27 34 22 2 47 38 3 15 67 4 11 
83 82 5 85 36 13 25 87 1 22 66 4 76 23 50 82 42 11 63 81 87 2 92 60 
4 17 7 40 86 75 57 55 40 30 86 28 52 62 54 39 42 40 11 97 62 30 43 65 31 
21 40 65 48 34 83 89 37 1 62 48 53 99 93 71 19 71 7 46 51 43 0 25 30 84 81 
38 64 20 24 40 61 18 14 17 98 75 42 91 74 67 47 23 24 33 12 87 27 32 35 94 75 58 
19 73 2 98 98 56 47 93 91 62 25 56 47 41 19 41 43 74 82 39 25 64 88 11 14 22 36 92 
95 25 10 41 99 2 57 46 69 57 86 9 50 80 6 74 20 83 2 84 28 71 26 17 45 47 44 91 7 
17 11 13 27 74 20 58 35 89 55 4 85 21 37 64 71 29 84 20 37 92 84 52 42 70 29 89 80 89 0 
71 30 71 79 38 95 79 79 8 25 37 84 32 27 0 64 18 34 70 0 97 54 30 79 25 1 50 43 19 16 14 
13 10 96 41 96 59 47 84 77 87 67 3 97 39 27 21 80 31 85 91 24 23 10 61 13 52 88 15 16 27 29 17 
82 64 21 74 46 84 50 10 77 90 98 3 69 15 4 84 40 28 7 99 55 29 35 93 26 43 93 95 57 10 17 71 51 
28 21 75 74 1 61 53 56 15 58 76 41 1 0 66 44 99 19 27 50 64 11 73 96 12 38 71 69 14 26 19 45 56 52 
71 51 18 53 12 37 21 90 86 11 18 69 15 37 2 10 66 31 22 71 89 21 65 20 22 84 5 61 50 94 7 6 83 82 23 