31 
50 2 
40 44 10 
6 54 68 74 
29 63 82 24 53 
78 87 77 14 64 0 
55 48 7 28 1 12 51 
1 67 32 15 73 59 0 96 
98 31 4 15 50 52 43 80 48 
79 22 23 39 29 74 26 22 36 14 
95 0 24 84 51 61 67 34 83 68 37 
40 87 10 62 64 56 78 37 17 14 35 13 
75 61 51 2 79 87 6 59 71 23 71 73 81 
57 12 10 12 6 68 55 93 13 68 31 23 2 86 
97 34 5 54 15 1 78 93 88 51 80 80 63 26 36 
73 89 49 20 56 17 79 43 21 90 28 38 72 21 53 48 
0 72 70 86 96 61 0 6 64 79 31 64 56 9 88 21 66 
76 56 52 12 20 19 99 43 54 33 87 10 37 5 6 82 69 59 
84 43 47 75 51 27 38 90 60 58 77 12 43 78 14 99 30 48 43 
59 84 82 63 87 79 14 67 35 97 91 1 22 51 50 53 38 3 48 34 
18 86 62 99 59 12 69 47 97 20 48 94 64 28 86 33 27 95 68 87 8 
19 55 16 74 75 93 82 46 93 90 3 95 53 61 27 29 87 64 58 24 56 76 
0 42 3 0 87 48 41 5 60 96 55 30 98 53 65 28 55 91 98 13 17 98 34 
57 68 97 65 85 69 81 30 80 10 72 20 66 14 67 91 71 68 75 22 71 35 87 96 
96 81 40 5 45 52 23 63 43 12 11 92 90 66 91 61 24 60 10 43 98 78 27 9 63 
13 31 58 72 18 29 1 15 85 2 46 14 87 21 35 88 73 28 59 1 10 35 33 88 2 85 
76 70 75 29 85 94 48 27 74 85 9 87 42 90 18 92 1 76 39 41 42 46 80 44 66 72 64 
52 86 33 44 33 36 24 5 61 45 22 85 61 95 96 70 64 13 41 79 3 59 91 92 82 1 19 20 
98 25 89 58 4 29 69 13 65 17 98 39 38 69 29 15 73 19 26 34 80 30 37 55 95 19 15 34 73 
95 26 31 67 29 6 62 43 93 21 58 30 62 2 83 96 35 38 56 81 64 27 72 89 7 92 19 7 94 68 
93 93 96 98 35 71 82 38 81 46 6 66 43 19 84 7 15 0 49 88 38 70 86 15 58 25 54 76 99 51 6 
75 60 87 40 53 45 33 26 5 55 49 57 26 56 33 81 81 12 2 78 73 18 7 88 7 34 52 75 67 7 12 93 
54 37 19 28 22 25 21 23 19 64 75 97 75 37 75 28 96 93 78 83 32 4 93 50 17 14 91 64 31 11 50 99 91 
54 8 51 85 91 44 76 32 20 41 70 68 77 94 10 20 76 94 23 17 20 7 0 95 11 85 51 15 94 32 82 4 52 2 