52 
83 95 
40 64 30 
37 0 58 39 
91 47 48 1 8 
65 1 64 2 47 62 
26 3 73 92 24 29 51 
4 99 24 71 59 3 25 42 
35 16 85 11 17 75 62 45 57 
8 1 55 19 46 85 90 52 98 26 
10 48 48 38 4 17 34 88 52 20 82 
50 93 22 29 21 33 10 61 82 35 72 61 
95 25 77 15 66 79 30 63 78 49 18 24 48 
37 28 14 47 13 76 19 87 70 89 3 78 97 27 
3 56 68 26 91 21 48 46 74 28 5 84 43 10 99 
77 14 7 68 46 84 33 19 36 23 43 75 84 20 27 47 
66 14 71 60 29 83 13 7 98 1 37 17 54 83 15 7 69 
76 21 43 21 5 85 41 2 2 47 74 35 84 13 71 17 74 48 
56 47 45 47 98 73 38 86 29 25 46 24 2 70 80 47 70 59 22 
16 31 80 35 22 95 87 21 24 38 6 99 91 91 54 65 8 61 7 98 
94 16 67 86 78 55 89 60 8 15 78 74 81 18 41 4 49 25 34 41 51 
90 56 44 31 65 12 23 20 17 5 65 65 11 97 37 89 50 96 53 77 12 80 
48 41 9 16 27 28 80 86 74 63 54 90 98 24 75 64 50 14 93 97 27 1 80 
52 92 80 15 64 34 57 17 16 51 31 24 79 94 86 4 65 70 99 27 30 22 48 40 
33 95 62 66 88 40 55 14 78 91 11 59 33 85 2 48 81 76 60 27 25 26 75 38 49 
34 44 23 31 77 4 12 61 99 78 54 43 95 42 33 9 34 51 33 72 16 96 23 29 39 80 
59 90 22 36 49 24 85 86 1 77 66 55 35 71 15 15 55 92 89 64 86 91 1 12 33 15 80 
76 49 19 40 78 75 2 77 1 97 64 37 20 94 20 56 83 50 99 90 36 13 69 90 13 47 54 95 
73 0 0 65 6 99 67 31 55 40 61 26 93 42 56 16 18 17 80 18 96 92 33 19 39 46 68 66 78 
91 45 73 63 53 57 27 37 36 33 87 14 29 27 6 25 1 35 39 25 94 5 97 59 58 77 85 68 88 87 
21 31 79 88 11 10 24 88 94 82 88 61 33 36 62 96 57 69 54 55 10 25 29 11 37 96 71 47 25 72 83 
16 98 39 41 63 5 21 22 24 29 40 43 43 49 4 7 96 23 84 75 51 81 9 3 78 86 18 51 47 95 7 17 
53 74 59 32 26 67 8 98 28 33 36 18 24 3 83 9 20 84 22 34 3 96 14 43 55 64 61 10 58 71 72 92 21 