19 
21 14 
85 28 51 
58 30 85 28 
18 34 57 2 37 
52 29 29 73 33 57 
12 84 22 95 33 97 10 
51 76 22 17 97 80 32 1 
41 87 81 79 90 45 65 89 5 
60 96 75 10 59 27 7 11 80 25 
26 7 5 36 36 42 6 4 19 40 67 
23 31 27 69 21 68 37 15 2 72 92 85 
70 82 51 81 89 32 90 44 15 85 42 68 21 
2 68 27 25 42 90 82 78 23 90 35 8 68 1 
8 54 43 71 81 0 47 85 55 71 63 82 70 95 4 
51 32 13 57 13 11 21 11 5 13 94 78 1 70 91 15 
40 78 80 39 56 91 14 42 27 97 58 36 8 84 97 46 98 
26 12 56 61 70 50 41 23 0 10 99 98 86 17 69 57 30 21 
71 96 96 31 61 72 3 10 63 86 59 40 71 95 70 57 39 24 19 
93 44 2 66 75 75 48 70 84 87 44 59 84 68 72 12 95 2 70 60 
94 37 2 95 73 31 74 99 96 86 18 8 57 61 77 93 41 33 19 79 84 
88 69 79 90 32 30 91 43 16 80 41 51 25 38 36 31 79 11 71 19 90 55 
91 72 95 36 79 3 49 44 6 34 53 52 56 31 13 84 21 99 52 13 38 29 43 
12 89 75 54 2 60 19 22 79 93 58 6 78 77 30 43 89 9 70 53 29 43 70 70 
9 93 78 57 31 31 83 83 71 36 88 65 87 31 3 67 34 38 60 22 57 90 29 48 51 
56 91 92 16 12 83 76 16 4 21 99 41 84 41 14 94 95 47 43 62 32 77 15 65 26 46 
60 40 80 17 39 26 49 81 34 81 23 52 14 47 18 59 15 35 16 76 88 31 83 83 84 31 67 
61 8 10 20 75 3 7 57 85 69 79 90 54 72 5 56 94 44 45 71 45 31 53 97 64 27 25 24 
53 76 19 91 80 30 46 25 31 92 58 19 98 4 68 57 44 93 86 42 8 7 82 99 59 38 83 53 88 
5 52 46 37 72 64 45 66 40 78 13 88 66 6 16 91 22 55 92 75 9 70 98 28 85 30 77 68 53 98 
29 41 5 24 8 6 15 88 26 58 13 12 60 75 53 45 20 14 79 66 75 32 1 19 32 30 9 61 15 32 90 
84 20 22 20 49 11 21 81 93 79 69 0 86 78 15 17 20 89 16 73 59 60 86 4 79 68 99 52 79 95 36 88 
42 80 4 56 35 91 1 39 33 43 54 30 35 82 22 11 27 33 59 18 24 30 38 50 8 50 59 32 20 98 88 83 93 
43 35 0 55 52 55 52 6 37 74 45 62 26 28 86 75 82 43 1 51 44 40 36 84 9 9 80 53 80 51 8 3 34 34 
9 47 2 18 76 66 68 64 65 69 96 30 18 86 54 75 91 95 27 71 49 30 30 85 4 44 96 82 18 22 29 97 93 16 20 
79 67 44 65 1 16 87 17 44 80 38 50 72 35 76 11 68 41 53 18 5 89 26 39 92 69 12 60 61 3 99 88 86 38 88 8 
1 12 52 17 13 7 50 61 90 21 14 60 22 89 43 94 51 2 32 6 86 74 59 75 34 35 98 88 46 1 62 97 87 36 92 27 66 
95 29 65 24 54 61 77 86 99 39 37 87 15 24 95 24 76 22 9 99 66 83 9 52 22 78 20 24 89 71 81 62 33 97 88 78 44 1 
36 68 42 93 10 46 53 68 42 25 47 12 51 81 11 52 43 59 3 32 16 51 45 21 17 14 72 89 47 65 54 18 11 31 79 9 28 3 79 
91 21 30 19 27 13 12 70 39 13 44 71 0 78 13 95 34 8 57 60 57 78 1 85 60 47 31 68 39 64 44 69 52 38 38 53 42 55 95 52 
74 20 74 46 10 18 97 68 38 66 20 5 68 37 45 83 7 59 49 96 84 38 22 80 49 39 6 37 49 93 78 43 23 97 42 81 70 4 96 10 94 
66 23 76 40 32 66 11 8 1 89 7 58 26 35 43 5 6 81 21 56 94 14 10 81 78 95 51 36 56 77 8 24 30 41 4 72 22 35 37 41 91 78 
14 62 91 23 38 44 24 68 51 51 48 31 94 76 36 43 97 17 9 17 98 21 8 39 82 45 92 1 78 83 23 33 52 77 83 29 53 58 12 94 66 10 61 
28 17 4 82 11 53 99 25 64 25 42 57 76 29 21 74 52 29 79 23 97 85 65 36 74 57 67 96 80 34 85 62 82 14 89 62 57 81 55 14 73 44 73 1 
65 61 81 24 15 58 71 56 71 42 71 39 50 61 95 2 34 52 81 98 8 94 59 58 25 73 6 9 9 91 4 72 45 22 85 50 95 54 33 53 11 42 92 32 24 
22 94 95 91 43 48 71 63 11 2 87 82 79 51 93 75 11 54 65 45 49 46 43 67 40 8 88 96 69 3 78 36 43 84 43 40 60 91 99 43 4 10 73 57 81 77 
40 16 63 74 86 17 77 86 84 84 92 31 67 99 0 95 91 4 4 17 46 32 81 59 23 87 14 4 39 98 19 50 4 84 15 18 69 72 98 83 9 1 27 12 31 15 6 
46 5 13 61 10 47 36 52 50 71 71 99 6 83 80 31 53 67 38 47 33 91 10 37 59 2 19 39 18 96 97 91 79 41 97 19 45 88 83 41 82 23 84 94 37 99 99 79 
18 55 78 52 3 64 24 77 56 39 9 39 21 42 88 80 98 39 56 25 39 47 94 78 17 43 50 79 14 24 80 26 56 88 45 1 76 99 62 62 92 75 52 44 21 24 89 32 59 
59 70 71 5 41 13 57 69 18 68 47 23 94 67 89 33 68 19 7 32 18 95 1 9 60 68 84 54 96 55 63 98 16 22 62 89 90 39 33 65 21 15 97 14 85 63 87 60 53 23 
97 83 71 56 28 90 24 52 34 52 84 39 21 71 76 4 13 37 81 33 55 17 12 39 45 38 73 29 60 98 53 86 43 41 83 97 74 39 88 5 47 47 17 77 47 10 57 49 84 28 40 
42 66 53 35 59 84 6 37 48 16 53 62 11 93 18 82 29 96 72 87 2 21 4 27 0 44 99 0 33 48 70 29 75 6 45 22 39 49 36 94 65 20 54 96 7 76 55 63 88 80 25 51 
60 34 53 81 61 41 74 97 99 20 38 13 27 7 53 24 16 24 71 32 76 35 41 61 26 95 26 60 99 41 10 54 2 38 55 53 71 64 48 27 4 60 42 60 87 66 17 47 34 33 59 39 4 
49 71 76 27 2 8 43 14 88 27 30 61 99 7 13 99 67 19 56 43 76 89 74 66 70 93 49 12 85 76 43 97 47 14 84 74 26 6 49 36 91 56 29 40 95 67 10 36 66 0 70 85 53 83 
94 1 40 85 7 39 91 30 71 60 8 91 14 40 6 58 90 34 49 25 55 84 82 97 88 99 67 20 38 74 18 96 2 84 87 13 52 50 84 33 56 53 72 43 46 73 94 70 10 59 55 14 34 81 90 
51 98 96 80 57 88 25 80 0 40 66 51 14 2 50 99 57 67 95 76 85 84 92 19 9 24 92 31 16 8 90 1 91 30 22 1 73 95 30 21 96 61 88 36 38 59 87 88 10 9 95 15 84 47 26 88 
46 18 37 92 73 75 12 3 36 70 65 24 7 93 54 8 18 52 13 71 86 16 80 79 96 57 21 81 94 77 79 21 15 46 85 18 11 17 54 62 41 47 6 7 19 64 37 14 3 35 98 83 75 81 93 13 88 
90 64 27 46 68 90 15 51 1 21 14 36 39 65 28 96 57 13 97 48 13 58 25 48 4 22 56 36 50 27 9 88 87 68 68 19 1 43 45 50 42 20 47 6 96 69 88 20 0 46 43 52 64 70 40 19 20 22 
7 16 75 26 95 66 1 10 80 47 8 63 99 12 3 46 45 23 66 61 47 97 75 55 84 34 61 0 99 81 51 26 79 13 23 5 80 56 52 50 67 9 44 82 5 33 82 25 1 77 75 77 16 11 60 83 52 50 99 
17 27 63 65 17 8 70 51 89 83 60 32 7 94 97 83 3 44 9 85 67 29 39 76 30 87 46 93 92 79 0 63 65 51 60 34 39 26 82 35 10 68 8 32 94 88 91 83 39 35 36 50 44 48 57 1 72 32 51 55 
74 90 4 22 23 51 99 33 90 30 59 35 7 44 66 18 10 6 84 25 77 11 6 22 85 95 3 42 94 64 40 26 75 4 30 66 16 47 10 76 59 7 28 3 24 66 33 56 80 63 50 41 10 14 48 80 74 40 57 39 97 
42 26 25 96 34 95 35 75 8 16 41 29 74 61 38 82 30 69 15 88 3 46 50 74 2 84 42 18 82 19 19 20 38 89 74 67 54 61 95 37 10 41 80 2 42 50 62 9 80 38 3 73 66 80 58 40 43 39 94 53 14 37 
99 44 1 6 95 8 71 77 92 49 75 77 51 74 51 99 17 4 73 0 27 63 21 73 23 61 11 38 89 37 86 75 79 25 58 87 85 91 14 76 64 28 73 12 41 98 69 65 64 12 72 15 1 15 95 63 90 24 0 99 91 47 84 
77 15 90 13 10 8 83 45 32 97 1 47 34 45 50 25 14 82 80 58 7 7 73 80 72 59 93 10 48 24 26 84 8 11 44 19 82 64 8 51 43 99 69 90 63 60 97 78 3 41 65 50 68 98 72 29 98 14 74 87 0 23 32 89 
74 30 62 35 74 88 15 80 51 68 40 68 87 54 28 12 65 59 31 84 22 94 5 53 63 59 41 21 10 89 53 99 4 85 28 33 96 21 72 44 50 14 29 95 90 63 94 76 18 45 81 4 57 87 56 28 66 85 82 84 28 95 66 10 39 
44 68 34 51 75 78 16 79 75 57 31 89 26 0 9 60 91 95 3 94 40 64 91 55 69 90 54 73 47 7 11 69 91 12 65 11 62 82 96 30 69 87 10 66 21 73 83 73 77 90 80 87 83 61 4 61 43 97 57 57 89 63 85 68 2 68 
34 12 98 63 46 75 37 92 14 38 94 2 95 55 71 94 47 21 18 36 98 34 91 78 28 64 71 87 12 23 68 81 93 54 35 22 88 2 74 79 35 86 58 99 40 53 56 6 33 49 14 69 22 69 48 45 20 6 43 82 96 37 35 71 7 73 28 
14 9 15 26 1 11 21 69 95 70 26 73 35 69 53 46 27 94 10 72 24 87 31 59 13 10 68 69 1 15 69 70 56 54 34 59 18 24 90 14 50 2 56 14 61 39 83 92 7 57 17 5 72 4 15 41 67 82 47 23 71 6 6 25 56 97 27 26 
29 2 3 51 81 79 66 59 39 68 22 98 92 84 35 76 64 52 70 17 21 2 26 0 59 42 16 89 5 9 78 35 38 47 71 10 28 73 0 4 33 59 14 14 23 73 22 37 74 93 73 85 11 56 5 62 79 1 63 29 96 51 19 42 63 77 69 88 55 
52 14 36 44 28 74 26 68 86 51 56 86 98 62 44 64 27 0 51 55 71 8 87 68 85 34 63 21 87 71 53 80 77 16 93 52 67 80 90 14 15 78 88 93 83 14 61 61 24 75 33 84 51 13 69 26 30 88 93 11 50 52 44 18 39 62 65 8 49 11 
68 41 6 12 74 59 13 70 45 9 81 78 26 5 49 40 84 93 34 91 53 67 17 84 67 71 55 56 65 1 21 7 86 23 9 71 79 59 59 64 4 41 0 37 66 31 89 11 48 22 6 9 15 33 48 71 0 64 35 19 20 66 48 12 78 85 64 25 48 38 5 
6 49 76 41 65 79 82 72 20 13 17 53 48 3 58 19 85 56 48 58 85 20 76 33 35 46 14 37 60 84 51 16 95 98 95 23 52 75 81 72 58 62 9 39 74 29 34 15 27 87 63 57 75 63 43 60 46 27 51 94 46 42 91 31 66 1 2 98 12 84 65 52 
12 20 86 93 26 56 92 31 99 13 43 62 54 10 90 25 18 64 99 27 30 29 29 70 57 48 20 42 67 56 41 73 40 84 62 2 27 69 4 44 2 22 73 32 4 69 77 1 23 3 80 54 79 38 6 29 99 28 69 96 91 28 26 85 61 11 38 18 55 73 52 72 69 
73 4 55 27 36 73 7 66 22 42 89 43 85 6 53 92 36 90 59 74 55 40 11 27 4 41 53 97 57 53 81 30 31 2 44 33 63 90 71 13 74 58 43 17 70 52 25 0 39 83 27 90 83 14 20 58 98 53 80 25 32 38 79 87 96 95 41 88 17 7 38 2 47 56 
21 81 13 77 14 87 0 35 24 90 38 84 91 38 0 18 66 59 29 73 52 98 68 36 53 3 87 53 23 63 65 23 86 63 85 84 59 49 60 27 3 77 37 63 84 51 83 33 44 3 63 98 34 61 19 33 45 38 85 56 26 98 20 36 66 7 15 86 16 82 91 31 76 5 16 
3 67 77 27 22 1 73 3 34 37 70 92 85 43 37 3 23 88 6 43 62 49 73 83 70 85 10 37 6 49 9 63 27 57 64 16 28 25 73 41 33 11 19 0 81 38 92 25 66 64 46 35 94 52 38 53 29 43 62 78 4 28 69 54 4 45 29 98 91 96 84 85 62 26 99 55 
36 11 11 18 38 18 20 64 80 54 88 13 30 13 96 29 2 76 21 16 5 3 46 28 5 23 4 62 58 93 2 77 55 9 50 72 67 26 87 38 27 27 0 66 82 59 1 12 0 86 9 98 47 12 96 99 20 77 82 58 32 1 52 86 98 4 49 93 20 45 75 33 32 72 63 6 69 
30 2 81 53 76 33 68 50 35 56 39 12 22 15 39 37 17 37 73 52 96 28 10 6 75 44 60 82 84 79 11 78 81 53 97 78 64 6 46 9 40 33 76 82 19 81 94 1 21 45 68 25 18 59 2 8 22 18 68 21 56 70 46 6 44 76 19 79 94 18 40 61 48 70 46 85 55 74 
99 23 1 64 97 87 57 27 39 15 48 89 77 87 70 70 94 24 4 58 49 50 1 18 9 49 50 9 52 70 78 4 46 43 62 14 29 59 1 66 7 91 16 14 75 70 8 65 29 77 80 14 53 46 21 95 2 57 22 53 68 41 69 33 18 10 83 11 67 92 63 61 11 39 38 47 22 54 45 
22 41 84 44 34 4 9 46 59 19 43 81 41 36 93 31 32 16 48 20 8 53 55 18 45 47 39 75 77 10 48 50 88 8 70 77 97 78 76 33 68 80 73 54 79 37 47 64 93 60 52 46 19 93 15 70 65 95 76 90 25 70 47 22 97 60 3 2 55 83 34 0 60 57 51 85 34 18 42 33 
55 58 91 40 62 37 54 16 52 19 78 67 9 39 77 53 28 45 22 23 88 3 68 26 57 9 26 90 78 1 51 24 72 70 45 94 15 31 52 83 88 6 8 95 46 53 79 64 45 37 8 88 76 53 17 16 98 18 18 34 75 8 94 92 51 7 97 81 60 27 10 91 32 61 43 77 89 52 59 69 92 
58 84 26 31 22 10 40 35 14 18 60 93 64 54 82 8 7 39 48 7 51 88 25 95 12 31 93 85 15 45 46 29 50 79 72 33 66 34 29 35 50 98 85 64 97 71 68 80 52 72 55 2 25 33 60 39 3 58 4 49 88 53 35 0 11 28 11 26 13 70 72 84 98 68 76 21 7 74 53 17 51 68 
75 88 79 86 68 39 66 23 13 31 53 25 35 30 22 76 33 51 91 50 56 17 81 74 41 90 94 83 33 52 28 74 23 73 43 42 49 51 52 28 0 74 31 60 6 93 86 7 48 50 35 1 29 46 48 40 68 36 29 77 69 1 62 79 27 32 86 26 0 83 67 18 94 58 46 48 4 78 93 12 72 32 47 
71 99 39 28 67 90 88 89 89 80 61 87 78 28 39 11 14 76 91 1 8 97 27 21 2 50 94 17 23 31 2 33 38 71 41 39 22 82 36 82 46 14 78 53 40 8 1 28 9 30 80 67 27 96 89 22 93 87 23 87 13 67 98 2 27 76 14 17 54 36 10 24 97 16 50 33 40 98 86 79 3 4 68 60 
38 48 56 11 49 55 7 51 98 64 94 65 33 75 3 24 15 49 64 99 50 21 51 51 63 3 35 45 81 76 92 66 82 27 32 61 24 91 28 45 61 52 57 8 30 22 36 67 64 68 92 58 0 97 79 18 69 77 82 10 83 14 5 55 38 84 93 40 92 26 56 88 67 5 22 45 22 67 22 9 70 81 49 95 4 
73 72 68 85 83 28 62 8 80 73 16 96 47 44 92 53 48 74 58 16 74 59 33 70 22 19 3 72 88 55 0 73 68 24 15 88 61 73 20 77 0 78 61 49 57 55 60 64 14 13 45 51 60 67 64 58 25 1 49 87 6 65 38 8 34 74 64 53 64 54 82 38 30 86 18 67 97 31 93 9 3 91 98 88 34 46 
98 93 10 90 6 71 22 1 40 72 84 46 39 37 59 65 6 26 48 11 71 58 99 41 76 23 91 3 17 52 52 92 67 8 41 60 16 19 73 78 44 14 89 12 52 99 18 40 29 1 64 84 55 41 4 51 63 70 82 61 89 7 79 37 70 26 72 98 41 35 6 16 20 41 85 56 30 76 98 73 83 16 18 80 27 5 31 
63 42 72 77 61 56 92 89 9 12 60 57 72 98 64 77 64 14 86 36 50 59 8 98 94 75 47 40 29 63 50 76 44 11 2 67 15 8 52 72 72 33 13 75 2 55 26 58 36 99 5 31 46 41 10 58 97 15 25 92 74 91 78 16 89 96 31 9 79 26 6 60 50 45 14 35 87 68 44 98 49 62 77 25 76 65 43 3 
76 45 39 29 7 59 4 38 32 66 17 17 65 10 15 64 72 60 83 40 13 45 87 88 47 86 7 31 92 38 66 32 90 50 72 68 36 70 82 74 68 25 72 5 30 43 15 72 60 93 59 18 11 13 58 65 79 90 86 55 59 94 19 89 63 78 61 20 85 78 5 33 25 77 41 13 80 35 45 52 8 65 43 97 30 21 42 79 87 
36 3 71 91 79 48 62 51 85 65 93 58 57 40 69 31 66 84 40 69 8 21 49 70 33 26 98 32 5 59 92 49 82 97 43 49 63 39 56 78 62 42 19 43 36 64 85 78 71 24 82 3 7 1 18 36 86 57 68 30 85 36 40 7 60 69 97 82 32 16 46 64 2 29 63 13 94 24 22 26 74 70 63 35 0 46 63 24 23 71 
52 52 1 45 41 3 36 43 87 17 94 16 25 97 38 96 48 18 1 77 38 31 61 93 36 34 35 95 61 92 75 33 52 75 80 96 89 43 49 98 65 61 47 11 60 97 99 35 26 59 75 54 32 85 53 18 47 51 20 25 71 23 9 95 38 25 3 70 91 1 70 6 5 44 69 16 99 81 60 25 78 89 57 60 48 8 41 28 71 85 42 
23 29 0 66 0 38 12 70 62 32 48 44 64 49 5 98 56 30 67 92 39 47 6 75 39 47 25 23 64 77 22 14 79 47 9 18 16 70 90 1 2 7 56 83 56 28 67 84 90 94 4 70 40 1 92 73 10 28 18 93 26 31 57 68 61 86 97 45 68 88 1 4 62 24 93 71 94 7 72 68 91 70 9 75 49 5 9 87 66 4 9 20 
33 92 38 52 11 81 80 26 4 72 99 34 23 68 27 59 8 73 39 45 2 82 60 23 42 54 7 0 6 33 48 44 97 13 29 69 74 49 38 15 32 92 22 9 73 1 62 4 61 46 8 29 8 71 39 66 54 32 13 53 39 85 21 69 92 77 6 13 40 81 51 62 78 86 89 91 3 2 94 31 31 6 95 86 69 16 56 60 78 92 71 38 12 
7 74 7 7 28 65 22 37 49 95 92 1 49 4 1 85 88 91 2 90 26 4 1 16 45 57 28 61 76 41 67 82 92 25 37 97 70 14 29 37 1 51 1 75 74 83 43 93 57 17 81 72 9 52 14 21 31 53 35 44 23 31 40 77 75 85 44 68 4 45 50 15 66 57 49 68 12 26 76 76 52 69 6 26 20 5 85 69 20 84 9 58 66 33 
72 0 40 70 80 52 57 35 85 55 83 58 3 9 11 49 77 61 61 41 11 99 49 12 26 44 11 25 22 24 67 87 37 96 12 55 69 74 54 70 25 50 0 27 0 14 47 16 47 42 17 62 42 24 18 37 36 78 41 50 42 53 17 81 25 48 98 54 3 46 9 23 11 32 82 38 12 22 57 75 68 23 63 93 5 96 75 61 32 69 28 98 77 82 65 
87 49 49 78 42 9 39 4 51 40 72 0 61 83 30 40 86 44 53 87 24 49 29 63 78 22 64 67 9 38 3 25 93 36 98 48 28 56 82 47 88 58 19 6 2 57 62 57 97 1 84 90 17 25 63 53 66 62 45 67 84 6 67 71 68 8 68 81 86 44 26 4 20 65 92 97 63 18 28 94 1 50 7 83 27 55 63 12 20 64 36 10 93 97 47 39 
62 99 6 92 21 13 48 73 50 87 20 12 15 81 99 1 4 18 59 90 9 93 17 65 47 59 71 62 5 99 42 91 76 34 65 45 41 71 47 45 25 62 38 71 89 3 1 58 36 90 11 44 53 0 36 38 73 65 19 31 52 99 41 21 95 89 77 13 50 29 48 41 47 51 23 39 55 76 19 35 67 38 16 91 14 72 25 47 5 52 95 36 71 95 23 49 14 
28 73 15 85 1 99 8 63 2 91 91 76 60 60 2 55 81 94 90 8 9 7 2 99 44 52 73 56 45 25 21 48 67 66 80 80 73 71 22 37 83 97 11 20 86 57 19 38 33 8 74 91 46 3 77 59 19 85 54 9 50 75 15 63 73 71 14 5 30 61 20 49 78 41 67 47 56 65 76 70 20 94 25 11 25 84 75 73 72 28 32 88 46 24 2 66 39 45 
7 26 32 20 68 59 62 29 68 89 72 33 27 22 59 33 34 52 84 51 25 77 54 89 38 59 4 13 47 88 37 55 87 77 70 61 61 79 60 70 1 6 43 28 83 10 86 9 6 62 4 60 17 55 34 53 84 49 34 41 77 71 99 38 96 21 78 83 52 69 88 55 67 27 13 47 53 38 89 13 19 58 33 22 37 43 68 8 90 49 46 32 48 74 73 74 56 90 18 
79 59 69 42 6 8 42 25 42 40 54 76 78 35 18 22 42 1 89 0 17 89 21 57 68 77 5 58 82 98 11 31 64 25 72 10 27 46 44 65 88 8 58 42 79 58 87 93 47 84 94 57 21 28 88 51 51 42 88 12 23 99 50 53 79 58 16 63 27 85 58 19 18 49 30 36 97 2 78 4 22 54 36 57 63 28 6 47 77 50 27 41 32 46 98 95 20 91 58 95 