80 
16 67 
66 13 72 
27 46 52 39 
97 74 20 79 12 
85 83 72 27 6 71 
22 68 47 67 34 5 29 
99 16 43 27 63 76 69 35 
86 62 58 35 33 56 42 25 33 
54 78 69 23 35 86 34 63 87 55 
43 79 47 26 95 53 1 19 79 86 20 
16 44 52 34 80 72 18 32 71 72 42 61 
85 96 28 27 19 34 85 79 33 27 27 35 13 
46 71 61 99 54 30 73 93 96 60 3 4 77 62 
23 44 94 20 77 96 52 58 92 86 72 90 88 86 48 
33 86 60 71 17 97 39 79 72 95 75 56 7 6 83 87 
21 84 80 20 21 59 24 40 41 73 10 78 16 59 33 61 87 
60 15 85 35 65 68 90 86 18 95 82 71 31 77 13 51 12 55 
16 82 90 48 33 1 56 68 8 85 24 75 34 8 85 82 97 22 72 
54 8 50 42 77 64 14 86 53 80 4 3 39 73 23 73 93 25 62 91 
95 48 31 3 47 80 51 61 56 45 52 44 76 92 3 70 68 17 79 99 51 
54 1 57 85 7 45 91 23 79 16 66 52 12 72 63 94 21 34 55 89 31 54 
95 83 14 48 44 73 54 89 17 20 18 60 78 12 3 98 85 41 43 84 7 23 76 