42 
50 20 
26 77 94 
95 60 0 41 
68 64 82 50 7 
95 35 64 74 64 87 
83 95 86 56 69 35 20 
50 91 20 6 9 68 87 47 
28 30 66 68 65 48 42 92 49 
16 72 36 53 98 65 97 41 25 66 
20 40 9 45 41 60 12 50 51 88 96 
57 31 11 45 96 91 27 59 27 21 1 83 
26 7 31 59 19 77 87 30 29 41 58 69 60 
15 21 75 97 34 50 15 12 21 82 99 73 93 90 
78 32 54 28 79 9 8 35 69 62 52 70 55 38 39 
96 13 14 62 56 54 21 66 91 19 21 38 10 12 88 59 
58 62 49 32 93 96 68 22 31 66 3 77 81 22 18 27 5 
21 59 77 41 59 54 44 40 58 72 41 38 40 3 33 28 45 62 
70 77 94 52 98 75 36 10 85 52 85 0 80 58 21 41 96 57 32 
64 28 84 22 41 31 59 35 80 46 87 16 70 93 34 29 13 35 49 17 
67 11 0 31 82 56 97 90 82 64 99 47 18 29 71 57 88 16 8 53 20 
59 24 8 27 96 67 94 7 62 71 23 77 68 12 43 66 43 53 18 0 97 75 
43 25 19 82 22 28 43 29 10 58 51 17 71 7 84 17 7 58 26 81 92 66 7 
92 43 57 86 54 51 25 55 34 23 62 28 52 24 63 69 82 91 4 63 76 38 35 69 
78 25 61 36 81 71 44 21 20 78 95 17 57 11 46 32 6 61 74 41 17 21 11 89 36 
78 32 22 37 26 26 70 49 69 14 24 37 24 8 42 57 64 60 95 45 36 34 39 66 92 44 
69 6 20 81 8 74 53 55 17 98 98 46 80 78 89 51 77 40 99 10 13 70 17 32 69 30 17 
83 54 31 84 27 77 74 73 32 1 52 30 89 24 53 65 13 98 90 39 9 8 79 92 17 79 76 49 
94 78 53 89 39 29 67 5 74 92 73 52 14 89 43 23 54 10 21 25 1 65 20 33 64 20 69 47 23 
31 34 8 67 19 48 74 35 62 13 55 82 28 83 77 89 64 62 10 38 3 87 21 36 96 48 57 91 74 54 
60 34 62 80 70 43 11 14 7 55 50 57 98 43 89 45 48 14 89 69 69 32 16 26 13 95 48 35 89 72 21 
38 39 83 11 66 47 14 67 72 4 39 39 64 35 57 9 62 85 25 41 69 11 66 25 78 77 45 49 83 47 21 2 
22 76 50 87 85 48 12 55 12 1 10 45 9 60 92 37 30 52 18 31 76 76 2 94 43 69 36 34 75 74 27 16 1 
47 39 73 76 15 0 34 45 10 50 92 81 2 51 88 10 34 69 48 57 39 44 73 50 65 74 16 36 50 46 20 63 73 37 
30 23 22 15 21 16 99 53 75 10 90 11 59 53 25 45 55 45 42 30 45 54 85 84 78 72 51 69 62 93 60 89 22 87 7 
34 55 59 12 40 66 42 18 16 81 76 7 31 53 30 56 67 44 40 1 42 13 66 21 94 77 38 30 87 56 75 12 26 69 76 13 
47 46 33 44 78 32 21 42 99 85 3 53 30 63 55 1 80 20 79 36 51 94 70 17 83 77 71 71 42 82 59 15 97 99 13 26 17 
88 26 40 73 36 41 38 36 53 71 54 49 4 49 68 77 32 26 11 41 40 72 90 61 43 63 8 4 20 96 22 84 46 59 63 33 30 26 
77 33 86 92 10 19 80 95 93 44 68 1 42 53 74 53 4 2 52 36 37 62 42 38 55 5 62 78 85 6 98 24 7 77 96 15 71 80 1 
10 16 92 1 55 64 22 46 30 44 54 4 58 95 88 40 73 45 70 79 73 33 81 13 75 96 55 4 99 19 9 31 36 7 0 88 41 40 13 1 
4 16 9 15 2 52 54 95 47 48 44 34 95 10 26 86 34 77 61 57 28 20 1 37 24 3 17 45 6 54 38 19 82 15 27 62 99 34 48 30 51 
15 26 86 57 42 33 74 29 12 25 25 87 52 42 96 38 9 60 75 58 34 97 27 16 73 72 9 81 12 45 10 54 0 54 20 30 68 78 36 4 3 12 
0 83 49 98 91 51 55 82 43 37 60 78 54 6 54 79 79 36 73 11 71 34 54 30 12 50 72 57 73 48 76 26 35 88 86 95 79 50 79 42 0 40 28 
20 71 29 54 85 85 17 87 92 56 86 58 31 57 45 58 21 61 24 29 70 74 34 59 39 59 99 12 67 91 62 82 84 27 4 1 30 31 72 73 93 18 11 62 
37 79 76 46 39 15 76 21 54 12 82 44 27 36 7 17 52 83 92 14 14 5 32 24 58 12 39 99 65 16 59 47 96 59 26 69 35 27 92 47 56 42 55 32 74 
90 61 28 98 69 77 32 46 2 23 45 49 12 56 81 22 15 21 25 60 65 44 9 17 26 73 65 25 75 2 33 14 40 25 72 9 64 65 28 96 82 99 93 86 8 54 
51 54 58 33 45 80 60 4 99 80 84 63 34 45 52 2 71 37 47 43 45 25 73 60 43 71 56 28 57 54 0 58 57 79 90 48 81 85 61 44 20 42 13 52 42 36 1 
59 48 16 46 4 75 86 28 63 63 97 4 20 27 77 43 22 63 63 67 25 47 99 43 64 34 69 63 6 81 57 5 77 21 79 10 7 22 7 16 5 61 84 51 33 25 47 54 
28 13 94 84 68 49 90 75 86 23 18 65 72 3 69 8 85 26 74 58 97 10 2 82 42 90 65 93 35 37 60 4 88 72 14 77 94 97 22 45 68 45 29 17 6 64 68 80 74 
83 68 43 29 63 57 61 59 53 23 33 72 85 48 54 5 14 81 23 66 97 66 0 26 78 97 60 45 48 54 74 28 61 83 32 35 5 61 46 3 65 0 16 34 88 78 24 11 1 13 
74 88 23 64 45 2 80 72 41 68 76 99 8 28 42 89 26 63 60 5 52 82 28 82 30 24 29 23 25 34 71 72 85 81 46 90 43 38 61 52 84 32 62 75 86 17 60 83 41 70 13 
51 56 0 93 50 30 91 58 59 58 99 50 79 57 4 70 57 78 66 44 58 19 75 91 57 72 31 29 8 24 23 86 97 54 54 56 0 84 58 26 94 46 89 44 9 62 33 99 16 64 80 1 
66 15 43 12 26 85 67 15 34 72 2 97 76 69 72 64 48 1 29 13 11 38 48 43 88 47 20 33 53 63 6 20 68 51 64 3 98 69 20 29 79 84 32 32 28 46 72 47 34 29 85 99 28 
9 84 82 26 64 62 8 22 3 27 73 43 9 40 14 25 93 42 66 81 33 48 73 25 88 36 16 77 19 20 64 63 20 98 48 24 42 66 88 85 97 92 44 93 17 53 87 95 49 18 72 66 34 98 
70 10 56 11 68 91 72 4 52 9 58 90 11 2 49 21 41 0 21 71 37 4 40 67 4 67 84 23 6 15 76 75 5 65 33 65 9 2 19 89 76 58 36 46 54 64 28 89 31 67 66 2 0 81 86 
48 4 2 75 97 44 55 23 82 93 40 64 67 32 94 9 34 42 42 90 56 77 33 96 48 87 56 57 17 69 84 66 82 99 0 81 40 42 44 10 67 78 20 44 44 77 37 90 43 59 24 75 99 96 59 41 
86 39 69 69 7 25 24 5 64 61 29 95 13 76 48 82 58 72 97 98 21 37 54 53 68 4 9 11 20 43 68 62 34 80 16 39 92 98 3 62 67 97 25 25 7 66 28 22 92 86 26 74 12 46 84 98 70 
79 69 72 85 98 81 63 36 7 7 90 20 69 3 74 74 49 63 74 39 53 28 91 84 98 41 75 99 29 56 31 24 94 48 19 96 22 2 57 12 74 22 7 36 67 97 17 13 21 53 2 55 87 44 84 99 16 72 
62 22 55 22 65 78 15 90 43 13 61 54 64 66 11 79 61 43 2 77 42 60 15 77 94 29 5 95 78 72 46 88 54 47 75 46 55 33 84 10 90 23 40 83 75 7 73 33 54 73 68 86 5 32 0 84 90 65 60 
51 84 23 29 61 60 8 24 51 94 92 32 94 60 10 72 83 27 59 15 71 35 23 8 58 7 60 80 62 53 58 18 2 59 44 5 99 48 29 20 79 21 43 94 64 50 50 79 39 59 56 27 54 86 11 46 7 52 53 87 
98 8 0 28 25 63 80 43 13 41 60 62 88 74 82 40 77 8 84 3 87 20 76 28 14 11 92 21 6 87 61 22 21 67 11 23 15 99 78 49 53 87 19 98 27 5 86 33 29 77 78 66 19 33 46 6 47 33 75 59 79 
65 50 15 28 65 7 50 58 8 70 56 33 59 81 23 96 72 74 37 15 90 31 74 74 95 99 13 24 37 2 63 70 14 64 0 81 98 97 4 20 9 97 1 78 17 83 19 82 4 11 52 5 66 28 14 86 10 82 65 19 99 40 
53 6 1 21 3 52 83 85 99 27 91 46 82 75 84 92 81 27 75 40 70 69 22 59 90 33 21 55 46 38 50 86 65 40 2 87 22 79 96 37 94 85 53 45 1 54 1 32 85 53 29 49 23 80 93 67 17 52 13 86 4 94 78 
63 19 41 66 41 84 36 68 47 1 23 68 39 89 77 71 27 92 77 54 38 36 82 8 61 1 98 13 24 56 2 64 91 15 31 85 36 48 5 92 70 76 24 48 15 42 78 51 94 8 63 9 16 3 54 87 12 89 49 54 96 44 48 12 
50 2 18 54 39 8 64 11 91 63 90 44 69 23 59 25 76 26 62 62 6 13 14 69 48 81 63 75 70 85 18 81 17 46 68 78 94 87 98 66 53 50 75 20 45 62 60 32 13 18 84 54 76 27 80 23 97 25 90 57 99 56 6 92 95 
28 27 36 58 77 62 84 64 9 20 42 0 18 91 0 74 41 83 69 3 99 9 4 80 18 96 56 74 31 70 85 48 45 64 81 97 98 82 18 24 64 21 51 65 51 31 18 54 65 40 62 78 87 61 29 44 38 37 67 67 56 75 27 37 75 35 
72 26 74 16 12 62 83 90 66 85 21 63 66 9 44 87 62 1 41 96 1 66 46 87 58 95 69 88 74 49 80 80 42 66 89 29 97 37 19 62 41 15 85 36 11 92 44 8 40 53 51 13 49 84 54 72 42 21 48 47 75 0 35 63 35 87 99 
21 66 1 74 59 72 23 65 10 46 18 55 74 77 57 68 50 61 32 87 74 67 49 64 58 34 3 67 95 30 36 89 28 66 67 98 51 0 53 50 72 87 59 40 43 20 49 75 41 12 38 87 59 92 32 53 98 78 29 18 14 16 69 73 25 70 78 57 
35 33 30 64 20 9 20 15 25 66 78 26 31 70 56 12 80 50 65 22 47 96 10 11 38 56 91 36 54 73 2 1 54 26 89 24 16 76 32 11 85 47 67 0 96 92 4 1 76 45 56 5 53 95 10 86 40 55 17 59 61 64 72 24 78 4 10 84 97 
77 87 78 7 70 20 45 83 30 30 41 41 24 89 73 35 44 18 63 83 56 3 24 27 51 15 76 57 66 82 30 99 92 5 11 26 47 85 77 46 20 4 38 21 7 29 26 19 34 53 14 13 44 90 45 8 37 83 84 65 89 44 8 62 88 71 86 68 4 23 
40 35 60 64 11 81 91 83 96 27 14 96 23 28 79 57 64 55 47 93 92 60 52 8 72 66 62 92 67 39 34 37 46 75 37 37 96 41 8 40 84 88 88 18 62 49 92 0 27 98 96 56 60 87 44 67 1 54 29 77 95 72 8 12 40 62 29 84 8 5 1 
63 52 2 87 23 11 16 55 56 13 95 25 76 63 45 29 24 42 11 66 89 28 15 68 38 28 55 4 24 85 33 55 28 65 68 64 75 6 89 86 8 94 79 97 89 59 88 42 95 77 57 73 24 7 72 66 57 23 24 23 69 6 0 26 55 84 28 30 67 95 44 2 
84 14 18 1 88 24 50 95 73 49 16 69 70 24 62 95 53 30 3 34 95 36 75 8 45 71 52 22 18 43 16 2 24 77 16 48 96 76 60 38 96 2 80 70 48 16 62 51 52 87 65 76 75 89 6 12 41 87 21 95 44 28 54 20 45 59 48 39 66 88 58 96 47 
80 76 81 69 69 69 9 96 36 86 18 72 94 33 12 31 57 47 2 22 80 34 64 10 28 23 70 8 48 12 4 87 91 5 62 5 57 28 82 69 79 14 44 15 95 12 29 16 40 81 15 87 9 44 55 92 24 90 88 32 24 37 32 22 11 36 32 61 30 10 89 33 54 60 
0 22 21 86 90 7 23 45 97 75 77 96 81 10 47 99 70 6 37 71 28 35 45 6 68 32 22 2 27 30 96 78 25 47 78 20 96 60 68 93 4 79 59 21 41 60 33 34 47 92 49 4 81 22 31 58 70 42 52 43 63 11 72 90 77 98 28 30 54 43 26 54 50 54 46 
72 76 50 18 89 72 52 14 45 51 24 42 71 61 80 83 30 74 9 16 21 41 81 9 88 13 69 85 56 0 84 12 18 61 1 99 54 60 38 62 26 73 24 14 56 21 92 33 75 44 31 95 30 24 98 79 14 96 29 65 99 17 50 12 48 21 76 42 26 48 96 7 94 92 54 16 
34 59 89 29 46 28 97 37 83 59 45 8 87 32 24 50 86 50 54 86 9 15 51 45 37 64 72 12 55 23 87 50 25 67 72 87 31 59 40 42 14 69 44 18 1 25 69 60 23 42 35 54 28 44 15 70 91 23 2 88 95 91 42 50 53 68 75 67 33 40 34 6 61 99 81 80 6 
86 20 75 84 55 54 84 24 83 31 47 60 69 84 65 91 95 51 47 77 3 93 13 49 52 1 21 30 88 35 10 3 68 49 47 82 82 37 96 98 50 43 3 83 68 48 50 39 4 23 40 63 75 47 85 23 14 9 52 98 29 15 76 15 62 37 56 65 34 67 90 74 66 8 97 41 9 13 
71 86 2 45 27 9 9 51 24 55 87 33 53 76 10 24 30 84 1 43 14 84 79 60 83 60 29 25 23 83 7 0 68 70 4 13 71 52 53 87 56 97 70 29 53 18 70 58 36 4 92 72 2 97 83 25 73 19 79 70 72 22 32 15 97 9 6 40 0 32 14 59 18 88 41 65 9 74 77 
77 42 25 84 38 62 90 27 65 41 69 59 67 0 85 80 37 98 12 78 12 6 24 20 1 35 22 45 18 75 1 89 2 12 13 96 3 8 28 22 45 84 40 22 17 31 95 36 63 60 75 57 32 85 42 97 12 9 41 8 79 77 59 52 48 58 88 26 39 46 7 66 91 48 25 28 99 17 75 76 
59 17 10 30 73 29 0 50 77 30 46 58 16 97 8 38 92 8 60 75 60 86 95 83 25 59 64 76 70 14 94 35 12 90 52 19 61 26 19 86 85 96 52 34 74 61 47 44 4 7 87 53 32 67 59 54 31 95 84 42 33 74 16 2 10 47 55 52 27 36 19 62 49 61 33 81 12 84 13 53 86 
13 19 12 90 28 76 51 83 50 35 76 32 50 13 60 34 73 25 2 19 80 92 97 45 92 79 83 98 17 43 46 98 68 54 75 23 43 22 1 23 63 15 63 27 24 88 82 91 98 23 81 26 44 65 29 7 36 36 99 12 78 79 55 94 62 13 43 90 15 9 25 50 58 13 2 87 45 55 27 17 40 29 