17 
95 90 
45 24 36 
71 34 27 65 
23 46 92 51 85 
52 68 36 75 46 62 
10 52 83 13 6 71 19 
68 50 77 28 16 82 3 60 
14 88 60 29 26 19 16 28 28 
97 77 65 96 11 96 27 7 96 15 
31 27 56 46 41 71 80 52 43 28 47 
95 0 27 63 2 64 17 80 2 79 83 12 
63 71 41 80 89 53 29 1 90 74 48 35 69 
58 89 78 24 2 45 6 74 67 21 80 0 54 70 
61 41 73 90 83 95 73 15 6 25 34 65 13 34 92 
47 45 50 72 51 25 19 94 62 98 13 44 74 64 67 83 
62 94 58 36 69 11 38 45 62 42 40 25 35 63 17 38 2 
50 25 29 69 72 72 72 45 23 39 95 48 51 30 67 68 38 68 
6 27 36 32 54 98 31 94 66 79 88 53 58 59 71 24 27 42 11 
27 90 60 70 80 31 27 44 25 54 6 74 83 5 58 69 59 4 11 74 
80 77 57 0 70 34 67 51 77 13 92 12 45 98 12 51 24 54 17 28 32 
24 90 9 80 4 4 98 53 27 56 94 13 98 48 46 2 12 78 60 36 14 89 
13 61 46 40 33 52 71 72 22 12 57 10 40 90 54 2 84 53 23 90 8 42 13 
22 22 67 38 47 87 15 44 94 62 87 52 90 81 75 79 38 23 4 97 88 86 45 61 
68 63 15 61 77 20 6 58 29 93 24 23 68 82 28 26 83 16 52 63 40 10 66 52 41 
34 89 88 84 60 1 8 42 10 68 67 81 61 41 17 10 99 78 74 67 21 78 4 23 70 90 
58 76 29 56 15 66 32 93 74 96 30 47 59 48 74 23 74 38 52 11 22 57 19 80 5 9 63 
34 70 0 94 52 19 16 70 41 44 80 0 59 96 23 55 30 66 65 46 33 10 51 68 9 58 81 78 
90 55 98 1 22 28 84 65 95 57 48 56 9 28 41 32 68 60 68 84 91 25 90 23 64 4 29 46 22 