52 
85 97 
20 69 7 
77 38 67 24 
8 78 83 80 43 
20 6 95 75 74 45 
46 99 94 79 47 5 97 
49 16 99 16 53 32 57 73 
71 1 69 93 0 52 19 63 11 
77 54 3 4 14 27 20 55 96 57 
47 90 53 1 81 98 0 46 51 87 12 
75 83 38 58 55 49 3 37 73 7 27 80 
46 19 15 3 64 27 78 10 1 73 15 67 15 
7 51 52 41 65 86 28 85 9 51 70 47 0 57 
34 67 86 34 69 6 34 27 99 67 75 38 79 83 77 
40 65 45 17 71 38 60 54 53 85 85 17 73 61 37 24 
81 76 91 40 61 50 34 36 63 17 82 76 48 23 35 15 50 
72 82 89 19 9 27 0 68 73 38 37 65 80 2 22 4 6 6 
53 92 61 46 3 56 17 90 17 12 54 9 63 11 83 17 72 38 86 
18 6 84 55 8 74 43 38 64 45 25 80 72 4 70 65 74 29 82 35 
71 20 89 17 38 17 63 46 12 50 69 44 57 91 97 8 23 0 78 8 96 
67 54 98 78 14 96 55 34 27 51 88 38 75 0 47 0 24 81 49 54 43 71 
23 48 64 74 87 42 58 2 24 23 78 36 5 14 8 57 17 22 1 22 3 29 43 
53 76 93 53 54 93 99 10 65 91 79 53 56 24 96 62 68 16 79 59 65 92 2 75 
38 1 51 3 21 52 26 88 46 65 95 60 74 57 71 12 59 13 22 38 58 32 6 26 88 
76 86 6 69 59 96 46 74 51 15 41 85 84 0 78 38 33 36 53 40 66 54 78 56 76 62 
54 5 65 65 35 97 18 46 71 51 19 50 52 62 38 91 42 25 62 26 48 7 64 22 28 60 86 
69 10 77 36 33 54 61 57 61 13 56 60 45 25 92 30 83 28 90 26 72 88 90 58 10 39 94 71 
83 96 52 0 34 76 5 38 20 47 61 88 18 16 81 41 14 94 8 63 79 79 65 79 0 77 39 56 23 
63 26 89 26 95 1 97 66 18 13 25 56 91 85 81 25 39 11 98 36 20 94 27 53 81 55 86 65 29 5 
53 37 64 56 54 6 43 74 15 82 10 96 65 87 98 86 4 32 16 78 30 45 36 46 52 23 78 53 62 73 86 
91 56 88 26 27 27 97 80 36 33 28 33 7 59 47 70 56 69 60 45 71 61 52 90 41 73 36 17 75 55 14 39 
78 18 76 1 40 98 22 36 70 79 21 35 26 30 47 25 94 69 62 31 70 48 21 85 27 39 40 16 24 37 91 67 22 
34 5 44 18 22 49 90 58 22 42 4 84 2 83 37 9 39 52 81 10 69 64 15 91 41 47 61 33 45 23 3 82 80 39 
48 46 40 66 73 24 45 66 60 42 56 30 96 17 59 48 73 20 39 41 86 30 19 2 45 22 75 80 99 59 76 10 9 60 62 
73 74 69 8 72 62 15 35 86 82 69 57 65 21 15 59 60 95 11 53 15 92 34 17 13 95 64 87 18 91 91 91 23 65 1 15 
70 39 76 79 22 61 65 34 83 7 72 99 49 58 15 8 95 66 37 57 54 46 46 88 91 62 60 91 14 38 99 19 71 55 56 88 66 
84 6 42 13 17 91 18 81 78 90 19 18 34 92 78 19 2 60 68 94 61 10 87 27 4 52 12 79 78 44 91 22 22 72 71 69 75 59 
72 46 45 95 70 25 33 83 20 8 57 7 57 85 29 10 66 63 33 19 32 38 80 15 43 14 0 78 27 62 7 56 14 49 65 62 58 22 67 
81 88 65 96 22 1 26 10 51 76 32 39 73 33 52 69 42 97 47 30 17 25 68 76 55 23 11 3 65 22 47 80 19 81 87 91 87 56 75 84 
18 94 31 63 22 42 25 20 49 63 39 8 20 62 95 13 84 3 2 71 81 14 38 84 53 60 52 33 51 52 58 3 83 91 5 61 49 0 29 82 87 
51 27 85 96 40 52 87 94 27 76 73 69 95 33 27 57 43 53 32 76 71 65 86 77 67 81 81 46 25 32 71 29 29 64 98 25 13 77 38 62 22 32 
61 86 8 99 28 6 17 35 18 30 32 86 90 20 83 98 50 10 15 70 75 42 28 48 72 58 9 43 37 88 48 21 78 3 37 4 8 90 91 20 8 20 40 
76 76 93 26 86 89 17 78 44 81 47 72 97 49 27 35 54 2 95 58 9 17 94 15 48 59 62 71 18 6 95 6 55 6 64 48 48 34 42 64 52 19 23 81 
41 25 33 7 15 75 31 31 11 58 11 80 30 9 29 23 15 68 79 86 43 80 29 62 8 9 74 75 28 83 7 71 30 50 52 57 28 9 69 79 23 37 43 23 16 
21 24 14 53 69 99 85 24 0 66 39 70 90 8 51 34 38 95 51 90 62 67 58 27 92 5 38 93 73 22 73 1 65 34 29 19 6 59 13 18 4 22 15 22 8 77 