98 
2 31 
23 54 34 
42 51 11 64 
52 76 44 67 98 
93 96 53 84 17 18 
8 97 96 35 15 26 71 
94 76 34 18 91 83 9 18 
34 30 80 7 5 42 41 80 53 
30 63 52 40 87 28 63 55 97 65 
21 3 44 49 6 41 93 66 39 66 85 
0 4 2 37 96 19 32 76 61 24 79 59 
8 93 40 56 25 47 92 89 87 42 88 1 68 
49 50 10 75 46 93 29 98 33 3 80 15 6 45 
31 45 60 20 92 62 23 96 22 44 86 30 40 53 10 
94 74 43 41 85 89 8 26 35 56 13 92 92 45 61 85 
95 85 17 21 80 43 21 43 66 99 41 7 48 2 89 69 82 
67 22 97 90 90 46 60 48 16 78 78 5 54 98 60 23 31 48 
7 73 51 53 9 72 13 88 11 3 31 60 53 11 65 40 42 90 35 
41 47 53 47 77 62 87 62 89 93 67 49 68 29 97 23 61 68 30 42 
17 6 30 47 66 51 65 70 83 40 16 13 49 48 61 32 81 57 97 84 4 