62 
1 92 
80 73 91 
60 80 18 42 
67 98 99 70 30 
89 53 17 43 48 52 
56 8 43 13 46 61 38 
84 77 65 75 30 20 21 32 
91 57 49 74 1 5 99 36 29 
8 5 71 90 93 1 82 54 61 15 
53 55 42 15 29 67 56 67 74 24 59 
15 61 7 24 63 89 6 9 81 28 63 42 
7 29 87 5 51 40 83 40 74 59 73 13 6 
36 15 70 20 9 15 54 48 98 42 84 9 57 99 
11 68 22 78 94 92 22 66 17 93 78 34 99 14 4 
35 85 71 77 31 43 79 31 40 98 81 56 95 65 69 64 
11 84 77 75 33 54 20 63 10 9 15 93 11 52 99 86 31 
40 98 76 27 63 41 84 57 89 29 14 11 59 57 87 98 78 36 
51 60 8 19 23 95 74 57 53 31 37 29 97 83 36 63 38 91 50 
71 37 96 16 58 97 45 90 90 33 81 99 65 86 8 78 21 99 26 90 
14 69 57 96 7 82 75 19 26 35 28 24 30 78 5 80 22 69 65 15 60 