45 
62 49 
25 53 36 
92 39 28 94 
79 41 45 74 70 
17 23 43 57 46 56 
4 24 53 60 99 58 18 
60 89 25 24 56 0 5 83 
27 4 54 78 58 8 67 88 86 
38 16 93 93 92 92 73 47 27 43 
21 97 71 62 11 23 36 41 63 90 61 
79 69 76 12 81 69 31 5 51 1 64 10 
76 46 85 10 1 5 41 53 31 10 2 99 73 
78 98 80 2 22 10 52 77 24 64 26 82 66 53 
2 9 72 95 99 13 5 71 46 92 9 65 17 93 53 
70 59 26 15 51 13 89 64 60 96 76 71 52 55 32 48 
7 3 58 5 63 85 83 60 3 5 82 93 49 65 95 13 79 
15 23 67 81 66 33 42 1 42 31 75 66 75 89 24 61 60 93 