64 
8 72 
94 15 69 
26 34 95 95 
70 87 46 90 42 
84 61 30 38 89 32 
16 51 59 74 20 77 79 
6 24 54 63 86 57 88 71 
51 87 57 26 94 11 65 95 25 
37 28 70 21 64 48 47 98 45 33 
63 39 77 3 20 36 14 92 10 13 28 
47 43 25 14 60 66 55 68 76 76 56 2 
48 15 45 72 53 40 2 19 99 78 50 44 90 
67 57 27 28 51 16 39 96 27 49 73 94 67 26 
66 25 95 94 41 61 98 57 40 69 76 67 49 0 7 
68 35 74 68 26 94 1 67 44 1 21 94 29 99 41 85 
8 41 98 11 23 90 85 4 98 78 16 60 49 30 9 87 60 
36 95 22 22 91 1 13 20 63 40 77 35 14 31 43 8 57 57 
73 23 69 82 57 15 0 50 48 96 40 86 69 74 30 64 94 57 46 
70 50 52 67 78 27 62 53 17 14 79 82 59 53 71 14 73 24 0 48 
26 23 53 6 43 7 3 96 63 99 35 4 5 17 20 90 95 89 3 0 2 
37 20 81 7 46 66 41 66 78 93 68 9 26 60 36 44 97 50 84 38 46 57 
87 54 55 53 76 86 67 9 23 16 97 71 80 68 73 41 50 85 66 11 67 63 20 
47 22 40 76 31 73 46 67 18 4 89 83 90 34 21 52 96 34 33 17 88 12 13 13 
54 57 42 77 14 21 56 26 44 4 72 88 71 7 7 85 6 11 29 26 79 70 34 93 4 
1 55 94 4 70 84 99 91 27 36 70 76 2 92 24 42 70 97 84 8 30 48 48 74 81 51 
16 85 57 98 65 6 36 28 0 62 80 23 90 36 38 20 18 79 50 46 13 57 92 56 89 61 54 
67 25 33 0 83 92 79 36 21 65 65 4 60 14 50 4 46 71 63 20 66 28 54 69 28 89 70 91 