54 
85 24 
80 41 22 
89 77 80 50 
49 3 86 93 35 
5 85 73 12 12 9 
0 23 40 50 93 57 50 
1 57 83 36 84 56 72 67 
1 35 84 75 97 45 65 72 13 
89 26 99 25 46 5 34 11 58 5 
93 34 62 51 29 35 38 40 34 36 49 
28 52 91 92 25 77 82 15 7 2 49 70 
11 27 3 13 74 16 48 43 23 6 30 36 35 
41 70 86 60 58 26 68 48 96 65 68 75 83 30 
3 80 38 45 30 36 53 50 79 63 13 40 28 55 3 
29 75 18 14 78 39 15 17 61 54 64 88 41 64 59 9 
90 19 30 90 62 87 0 26 48 91 28 17 6 8 40 56 36 
78 54 8 71 62 74 97 98 23 89 18 8 35 32 15 30 55 87 
4 92 49 71 8 31 66 70 48 40 36 47 21 15 22 78 19 24 42 
32 4 86 30 46 76 58 98 42 50 70 72 91 18 67 85 74 13 56 31 
36 30 0 20 38 34 78 90 99 3 22 23 13 56 18 72 71 80 87 56 97 
8 18 6 88 46 87 14 32 99 63 19 83 15 83 95 71 16 60 3 7 84 17 
75 70 91 17 20 41 52 94 6 6 30 33 0 8 90 55 21 93 80 47 74 78 55 
25 86 66 65 82 93 69 54 97 56 82 59 18 87 15 11 81 67 0 13 64 71 58 60 
81 42 2 46 90 75 1 39 94 72 1 34 17 63 97 1 54 18 57 94 80 88 29 40 18 
49 39 63 12 78 55 59 71 72 30 39 58 79 44 13 30 26 18 56 59 25 48 14 16 66 0 
79 12 52 63 25 82 53 80 38 94 54 62 59 6 32 45 50 40 13 44 30 76 79 57 77 52 33 
89 11 46 0 6 10 46 79 42 13 17 69 74 8 85 34 19 60 1 97 43 83 8 18 80 3 45 16 
12 31 98 44 68 46 81 7 3 3 34 40 37 52 2 49 33 99 44 3 47 34 78 68 13 62 58 1 48 
46 53 49 45 29 15 93 10 69 57 67 11 54 76 52 29 22 23 96 98 14 82 45 72 13 91 37 6 55 1 
15 49 41 20 45 44 67 45 53 50 98 82 49 79 39 31 2 45 3 34 7 68 36 0 55 72 65 65 51 71 50 
38 20 66 98 65 97 55 20 10 75 36 15 99 81 50 22 40 55 89 7 24 38 43 39 18 2 35 54 96 50 79 15 
90 47 59 95 18 20 92 18 90 77 93 70 22 15 65 43 35 10 9 79 21 32 11 70 72 61 56 12 84 63 34 34 27 