29 
32 55 
4 91 33 
86 93 82 77 
71 7 9 34 11 
14 93 0 25 26 16 
48 62 46 80 38 47 46 
3 74 49 4 69 18 10 91 
72 52 5 43 38 61 55 35 32 
9 66 11 2 53 59 80 79 29 7 
14 14 83 56 22 53 15 97 61 41 69 
53 87 3 84 27 7 61 16 21 21 0 22 
45 9 96 11 65 56 40 74 82 20 28 62 34 
21 72 55 59 97 99 19 23 31 24 65 7 60 16 
17 77 34 64 54 90 90 40 72 42 43 12 68 89 15 
81 91 33 46 63 10 17 29 87 62 14 72 88 30 28 3 
58 84 83 85 80 54 18 34 25 82 44 44 53 0 65 48 94 
98 59 14 75 60 21 96 11 33 72 62 57 82 13 27 39 53 19 
27 21 1 81 42 7 36 9 64 65 48 50 86 82 63 66 80 67 17 